3319593137130142
3061163962353021
1799151766579598
1017534977756441
7625160848256200
8906770783709362
4306833673268557
2153860512422398
1698973059887066
6522688369302642
6011274687584682
8001949736382812
8048961023334414
4195838546939194
8420468069845810
5742532353904098
5126132815442979
3181169278686866
6522423457936573
4146352792344987
7691136918263510
4139518783055246
4744247347861528
6013669340405613
4590969579853118
5358083919268101
5313941230252385
4163278737664223
6522175602681562
4775747681036592
6119940880453214
8998700901400298
6011593167793757
1353713588323444
8520469349110499
8080855444539338
4633672335743904
4582802877202630
5279364024177194
3190572686493397
5966596099995077
7672225546790287
7018587505677715
6011260331566635
4299901680834591
1558173302793875
1321944174123928
5274426537081599
4146519273892045
8456008910899982
3814663461409509
6522474704734247
5258882798217237
2082545376149938
6011134654876967
5325388743188232
8659822377143428
5650761187784374
6413809258025140
6522550155171573
5539207963049412
3720658503472805
2448071255814284
6439210294978693
8599276745226234
5484328750781715
4720170229673386
4562027763389051
4633368995413184
3421442688209936
6522195471389413
5183717016614974
7835769589059055
4239610288850963
3547273865900934
6412764131091535
5323639089651406
8407595800235868
5080504451226443
5878393121398985
6011114069719246
4745657258108258
5175932811181992
5371144504807889
4733605878986418
4250910854525864
5346720455922186
5654267153106630
2004978378070518
6522564276226426
1369313181843608
8522862481651828
6522778077805046
6011455192554182
4477996635437012
6903899686876684
4640441569685936
8678832569858060
3459151566494256
4353707270696759
4725628609023988
5137343229595572
3312993622617796
6011171919523742
8094601909630000
6848920233082026
2000581747852266
4113527094013989
6522839550827263
5484624950420111
1484806042630226
6011759515492993
1417922086780891
1281147517962381
8497385727474466
3523633998120204
8734619857510552
6103974036639556
6129890274256468
8659688376355916
1920776305953041
4600689941272140
8860349950846284
4438344675302506
6877399813150987
4723468419909477
5118915738053620
3397158236708492
5168091607391834
2077157504158094
3396072758594528
6781403561588377
7653458826011047
4899047884717584
4617772488482296
2992697590496391
2285010931082070
3655238157138228
2473475996172056
1836956271901727
5562912457529455
4166103176213801
4172793776541948
8223590356064960
4303656799532473
4629474379308522
7246103589423001
8738914701389149
8413141564931720
2842230670154095
5277798534668982
8063450961839408
3569012508494780
1464630022179336
4297843485511839
5484967432040721
5024857123959810
1251659096917138
3362553061218932
5081370975151658
7702274279901758
4805775200203061
1349644013680518
8768594074761495
4474408461712301
4716698122769594
2949480379698798
1477403917582706
6522163384832818
7170741332229227
4526525931619108
3473178408341482
8635222312761470
2579059738898650
8366997680626810
3424017534125596
6011303586927998
3617908312007785
5840974289830774
5468001902103424
2427747597219422
4843744820915163
6281572361011058
1095364232314750
3473028619540856
3807172877248376
6807623863220215
7737524143187329
8105934869963676
8310309390770272
3163823043927550
4461258469521999
1411589452065528
8373933625873178
6522541493700268
6522442453045962
2057416197145358
7624256871873513
1335604549385607
5353885777052492
7652353109791875
6218918241793290
3939895686460659
8611545514315366
6522811581864213
8970140001503750
6823610260616988
6558260522084311
5387554666288197
3713620787952096
6746083353180438
6702191443881020
7692467073909938
6761543381726369
3160918310750276
5311382932830602
6417962210252881
7307520439848304
4543180804885924
5285977771840990
8069866465637460
4704516199044883
4171240123920143
6067035119980574
3076330142328516
5111980570014566
2577503220876679
3465222038328648
7385298912646249
8995700268773362
4750500829890370
2144052524818108
7864772421307862
4752134001441300
7441882872954011
6663059417624026
7456028825836256
4825951026752591
7331215176964179
5428528970405459
4830388186313212
2182019631378353
3847030986566096
1828950446564704
1194703795947134
4158231116272509
4616702466458082
5171477632969618
8538301939610392
5210638717357069
7873090409673750
7520660307258368
6420742586022243
1452931886073202
8059193161083385
3952280380763114
4742461486347020
7734878307441250
4858270156569779
3678829888347536
4340050620213151
3294121900340542
2794940596912056
4356610553152859
1965642346069217
2340167159913108
6802235082490370
5729393319264054
1057749415747821
5284899468738586
7425402005435899
6522607697294475
1872983238892630
2334260736592114
7388573751552030
4447760151326656
5216931815892458
6522848384807457
5413203071728349
6097801559139043
6986691090976819
6011341989640718
2912538436474278
4725024375133216
4879311084747314
3006307395640761
6991970164468512
4219861389324069
2550460755825043
7913000906584784
5979581925831735
8610685463296250
3322891918243840
4313852238655090
5316265931241214
4711544085107744
5837591421771795
6022872115485370
2530474760103971
8961533093824982
2055318783037364
8988931520842016
2669900816166774
7156523760175332
5943513650652021
8802769165718928
5476342798378319
5761563495527953
4577762339264154
3646184166427702
7132610238622874
2767315498786047
6281061407178640
8938427714165300
1602843755390495
6011272800933208
4883736008405685
7157790967030451
4346111391671002
2397675112588331
3181515392614528
6244611133122817
2690146668348462
6011152276482255
6485286557581276
4510385988093913
7487208819016814
3688681139843538
5537182021681219
2333669342333451
1911047240253538
2688581738388166
7540967250242829
1971798722632230
4164687128737569
8725531300529838
4668215387687087
4443427702784538
2976508436957374
4502263877168298
6011255922127705
4279379646293819
3770540937315672
3481052502291277
6522456323352647
4609368801116943
3215709484647960
4265779839642346
4510400279425085
8681184326531366
4279453407973051
6522299662250096
6011666170875544
1279619098873809
1379710560431704
1173051705583930
8843584252288565
4438485811278224
6522396517668293
5351670002043247
1964229614008218
7079562815604732
6354955917689949
4633836624026298
8867923692567274
5542414230946451
4420941231399775
6011895540079291
5976095760054886
4869400022737682
6051943934988230
5480628962293267
4458929025754333
5141664534993470
4513418816961348
7450661247828975
2814427467761561
8299611307913438
2018175429664552
2006923796841875
8744877115124836
6522755482531535
3283739185193554
3221091230167076
7213989868992940
2959864294156432
5681015815604478
4889494137279689
7093156220158562
5973877504374832
7851996561745182
2623244188493118
3396628828719258
4235370590910316
4428445752337575
6522742356639541
6522869374646438
8436170834116638
4159715166874230
5139935376122594
6011436938458492
4187421058863401
1828873878577724
1792995239840820
7379163168137893
4499154678545892
5221172124836594
3303654059069231
7279535743407905
4253009461611509
7060614690184593
8684393686708063
7664118952816352
1820113621884957
8827569214627146
4836019763723016
